94 0 0 0 0 0
109 0 0 0 0 0
124 0 0 0 0 0
139 0 0 0 0 0
154 0 0 0 0 0
164 0 0 0 0 0
167 0 0 0 0 0
182 0 0 0 0 0
197 0 0 0 0 0
212 0 0 0 0 0
227 0 0 0 0 0
242 0 0 0 0 0
257 0 0 0 0 0
272 0 0 0 0 0
287 0 0 0 0 0
302 0 0 0 0 0
317 0 0 0 0 1
332 0 0 0 0 1
347 0 0 0 0 1
366 0 0 0 0 1
369 0 0 0 0 1
384 0 0 0 0 1
399 0 0 0 0 0
414 0 0 0 0 0
429 0 0 0 0 0
444 0 0 0 0 0
459 0 0 0 0 0
474 0 0 0 0 0
489 0 0 0 0 0
504 0 0 0 0 0
519 0 0 0 0 0
534 0 0 0 0 0
550 0 0 0 0 0
553 0 0 0 0 0
568 0 0 0 0 0
583 0 0 0 0 0
598 0 0 0 0 0
613 0 0 3 0 0
628 3 0 3 0 0
643 3 0 3 0 0
658 0 0 0 0 0
673 0 0 3 0 0
688 0 0 0 0 0
703 0 0 0 0 0
718 0 0 0 0 0
733 0 0 0 0 0
748 0 0 0 0 1
761 0 0 2 0 1
764 0 0 2 0 1
779 0 0 2 0 1
794 0 0 2 0 1
809 2 0 2 0 1
824 2 0 0 0 1
842 0 0 0 0 1
845 2 0 3 0 1
860 2 0 2 0 1
875 2 0 0 0 1
890 2 0 0 0 0
905 0 0 0 0 0
920 0 0 0 0 0
935 0 0 0 0 0
950 0 0 0 0 0
965 0 0 0 0 0
983 0 0 0 0 0
986 0 0 0 0 0
1001 0 0 0 0 0
1016 0 0 0 0 0
1031 0 0 0 0 0
1046 0 0 0 0 0
1061 0 0 0 0 0
1076 0 0 0 0 0
1091 0 0 0 0 0
1106 0 0 0 0 0
1122 0 0 0 0 0
1125 0 0 0 0 0
1140 0 0 0 0 0
1155 0 0 0 0 0
1170 0 0 0 0 0
1185 0 0 0 0 0
1200 0 0 0 0 0
1215 0 0 0 0 0
1230 0 0 0 0 0
1245 0 0 0 0 0
1260 0 0 0 0 0
1275 0 0 0 0 0
1290 0 0 0 0 0
1305 0 0 0 0 0
1320 0 0 0 0 0
1335 0 0 0 0 0
1350 0 0 0 0 0
1365 0 0 0 0 0
1380 0 0 0 0 0
1395 0 0 0 0 0
1398 0 0 0 0 0
1413 0 0 0 0 0
1428 0 0 0 0 0
1443 0 0 0 0 0
1458 0 0 0 0 0
1467 0 0 0 0 0
1470 0 0 0 0 0
1485 0 0 0 0 0
1500 0 0 0 0 0
1515 0 0 0 0 0
1530 0 0 0 0 0
1545 0 0 0 0 0
1560 0 0 0 0 0
1575 0 0 0 0 0
1590 0 0 0 0 0
1605 0 0 0 0 1
1614 0 0 0 0 1
1617 0 0 0 0 1
1632 0 0 0 0 1
1647 0 0 0 0 0
1662 0 0 0 0 0
1677 0 0 0 0 0
1692 0 0 3 0 0
1707 0 0 3 0 1
1722 0 0 3 0 1
1736 0 0 0 0 0
1739 0 0 0 0 0
1754 0 0 0 0 0
1769 0 2 3 0 0
1784 0 2 0 0 0
1799 0 2 0 0 0
1814 0 2 0 0 0
1829 0 2 0 0 0
1844 0 2 0 0 0
1859 0 2 0 0 0
1874 0 2 0 0 0
1889 0 2 2 0 1
1904 2 0 0 0 1
1909 0 2 0 0 1
1912 2 0 0 0 1
1927 0 0 0 0 1
1942 0 0 0 0 1
1957 0 0 0 0 1
1972 0 0 0 0 1
1987 0 0 0 0 1
2002 0 0 0 0 1
2017 0 0 0 0 1
2032 0 0 0 0 1
2047 0 0 0 0 1
2062 0 0 0 0 1
2077 0 0 0 0 1
2092 0 0 0 0 1
2107 0 0 3 0 1
2122 0 0 3 0 1
2137 0 0 0 0 1
2152 0 0 0 0 1
2167 0 0 0 0 1
2182 2 0 3 0 0
2197 0 0 0 0 0
2212 0 0 0 0 0
2227 0 0 0 0 0
2242 0 0 0 0 0
2257 0 0 0 0 0
2272 0 0 0 0 0
2287 0 0 0 0 0
2302 0 0 0 0 0
2317 0 0 0 0 0
2332 0 0 0 0 0
2347 0 0 0 0 0
2362 0 0 0 0 0
2377 0 0 0 0 0
2392 0 0 0 0 0
2407 0 0 0 0 0
2424 0 0 0 0 0
2427 0 0 0 0 0
2442 0 0 0 0 0
2457 0 0 0 0 0
2472 0 0 0 0 0
2487 0 0 0 0 0
2501 0 0 0 0 0
2504 0 0 0 0 0
2519 0 0 0 0 0
2534 0 0 0 0 0
2549 0 0 0 0 1
2564 0 0 0 0 0
2579 0 0 0 0 0
2594 0 0 0 0 0
2609 0 0 0 0 1
2624 0 0 2 0 2
2641 0 0 0 0 0
2644 0 0 0 0 0
2659 0 0 0 0 0
2674 0 0 0 0 0
2689 0 0 0 0 0
2704 0 0 0 0 0
2719 0 0 0 0 0
2734 0 0 0 0 0
2749 0 0 0 0 0
2764 0 0 0 0 0
2779 0 0 0 0 1
2794 0 0 0 0 1
2809 0 0 0 0 1
2824 0 0 0 0 1
2839 0 0 2 0 8
2854 0 0 0 0 0
2869 0 0 0 0 0
2884 0 0 0 0 0
2899 0 0 0 0 0
2914 0 0 0 0 0
2929 0 0 0 0 0
2944 0 0 0 0 1
2959 0 0 0 0 1
2976 0 0 0 0 1
2979 0 0 0 0 1
2994 0 0 0 0 1
3009 0 0 0 0 1
3024 0 0 2 0 1
3039 0 0 0 0 1
3049 0 0 2 0 1
3052 0 0 2 0 1
3067 0 0 0 0 1
3082 0 0 0 0 1
3097 0 0 2 0 2
3112 0 0 0 0 1
3127 2 0 0 0 1
