24 0 0 0 0 2
36 0 0 0 0 0
48 0 0 0 2 0
54 0 0 0 2 0
57 0 0 2 0 0
72 0 0 2 0 0
87 0 0 3 0 0
102 0 0 2 0 0
117 0 0 2 0 0
132 0 0 2 0 0
137 2 0 2 0 0
140 0 0 2 0 0
155 0 0 3 0 0
170 0 0 3 0 0
185 0 0 3 0 0
200 0 0 2 0 0
212 0 0 2 0 0
215 0 0 2 0 0
230 0 0 0 0 0
245 0 0 0 0 0
260 0 0 0 0 1
275 0 0 0 0 1
290 0 0 0 0 1
297 0 0 0 0 1
300 0 0 0 0 1
315 0 0 2 0 1
330 0 0 2 0 1
345 0 0 2 0 1
360 0 0 0 0 1
375 0 0 3 0 2
389 0 0 3 0 2
392 0 0 3 0 2
407 0 0 3 0 0
422 0 0 0 0 0
437 0 0 0 0 0
452 0 0 0 0 0
467 0 0 0 0 0
482 0 0 0 0 0
490 0 0 0 0 0
493 0 0 0 0 0
508 0 0 0 0 0
523 0 0 3 0 0
538 3 0 0 0 0
553 3 0 0 2 0
568 0 0 2 0 1
571 0 0 2 0 1
586 0 0 0 0 2
601 3 0 2 0 2
616 3 0 2 0 2
631 0 0 0 0 2
646 0 0 2 0 2
661 0 0 0 0 2
674 0 0 0 0 2
677 0 0 0 0 2
692 0 0 0 0 2
707 0 0 0 0 2
722 0 0 0 0 2
737 0 0 0 0 2
752 3 0 2 0 2
767 0 0 2 0 2
782 0 0 2 0 2
797 0 0 2 0 2
812 0 0 2 0 2
827 0 0 2 0 2
842 0 0 0 0 2
856 0 0 0 0 2
859 0 0 0 0 2
874 0 0 2 0 2
889 0 0 2 0 0
904 0 0 2 0 0
919 0 0 3 0 0
934 0 0 3 0 0
949 0 0 3 0 0
964 0 0 3 0 0
979 0 0 3 0 0
994 0 0 3 0 0
1009 0 0 3 0 0
1024 0 0 3 0 0
1039 0 0 3 0 0
1054 0 0 3 0 0
1057 0 0 3 0 0
1072 0 0 3 0 0
1087 0 0 0 0 0
1102 0 0 0 0 0
1117 0 0 0 0 0
1132 0 0 0 0 1
1147 0 0 0 2 1
1158 0 0 2 0 1
1161 0 0 2 0 2
1176 0 0 0 0 2
1191 3 0 0 0 2
1206 2 0 0 0 2
1221 2 0 2 0 2
1236 3 0 0 0 0
1251 2 0 2 0 0
1266 2 0 2 0 0
1280 2 0 3 0 0
1283 2 0 2 0 0
1298 0 0 0 0 0
1313 3 0 2 0 1
1328 3 0 0 0 1
1343 3 0 0 0 1
1358 3 0 0 0 2
1361 0 0 0 0 2
1376 3 0 0 0 2
1391 3 0 2 0 2
1406 3 0 3 0 2
1421 3 0 3 0 2
1436 3 0 2 0 2
1451 0 0 3 0 2
1466 0 0 2 0 2
1481 0 0 2 0 2
1489 0 0 2 0 2
1492 0 0 2 0 2
1507 0 0 3 0 2
1522 0 0 0 0 0
1537 0 0 0 0 0
1552 0 0 0 0 0
1567 0 0 0 0 0
1586 0 0 0 0 0
1589 0 0 0 0 0
1604 0 0 0 0 0
1619 0 0 0 0 0
1634 0 0 0 0 0
1649 0 0 0 3 0
1664 0 0 0 0 0
1679 0 0 3 0 0
1682 2 0 3 0 0
1697 0 0 0 0 0
1712 0 0 2 0 0
1727 3 0 3 0 0
1742 0 0 0 0 0
1748 3 0 0 0 0
1751 0 0 0 0 0
1766 3 0 0 0 1
1781 3 0 0 0 1
1796 0 0 0 0 1
1811 3 0 0 0 1
1826 3 0 2 0 1
1841 0 0 2 0 1
1856 0 0 2 0 1
1871 0 0 0 0 2
1886 0 0 2 0 2
1901 0 0 0 0 2
1916 0 0 0 0 2
1931 0 0 0 0 2
1946 0 0 0 0 2
1961 0 0 2 0 2
1976 0 0 2 0 2
1991 0 0 2 0 2
2006 0 0 2 0 2
2021 0 0 2 0 2
2036 0 0 2 0 2
2051 0 0 2 0 2
2066 0 0 2 0 2
2081 0 0 2 0 2
2096 0 0 2 0 2
2111 0 0 2 0 2
2126 0 0 2 0 2
2141 0 0 3 0 2
2156 0 0 3 0 2
2171 2 0 2 0 2
2186 0 0 3 0 2
2189 0 0 3 0 2
2204 0 0 0 0 0
2219 0 0 0 3 0
2234 0 0 0 3 0
2249 0 0 0 3 0
2264 0 0 0 3 0
2269 0 0 0 3 0
2272 0 0 0 3 0
2287 0 0 0 3 0
2302 0 0 3 0 0
2317 2 0 0 3 0
2332 0 0 0 2 0
2347 0 0 2 0 0
2362 0 0 0 0 0
2377 0 0 0 0 0
2392 0 0 0 0 0
2407 0 0 0 0 0
2422 0 0 0 0 0
2437 0 0 2 0 0
2452 0 0 2 0 0
2467 0 0 0 0 0
2482 0 0 0 0 0
2497 0 0 0 0 0
2512 0 0 0 0 0
2527 0 0 0 0 0
2542 0 0 0 0 0
2548 0 0 0 0 0
