28 0 0 0 0 0
43 0 0 3 0 0
58 0 0 0 0 0
73 0 0 0 0 0
80 0 0 0 0 0
83 0 0 0 0 0
98 0 3 0 0 0
113 0 3 3 0 0
128 0 3 3 0 0
143 0 3 0 0 0
158 3 0 3 0 1
173 3 0 3 0 1
181 3 0 0 0 1
184 3 0 0 0 1
196 3 0 3 0 1
209 3 0 3 0 1
212 3 0 3 0 1
227 3 0 3 0 1
242 3 0 0 3 1
257 3 0 3 0 1
260 3 0 3 0 1
275 3 0 3 0 1
290 0 0 3 0 2
305 3 0 3 0 3
320 3 0 3 0 3
335 3 0 3 0 0
350 3 0 3 0 0
365 3 0 3 0 0
382 3 0 3 0 0
385 0 0 3 0 0
400 0 0 0 0 0
415 0 0 0 0 1
430 0 3 0 0 1
445 0 0 0 0 1
460 3 0 0 0 2
475 3 0 0 0 3
490 3 0 0 0 3
505 3 0 0 0 3
520 3 0 0 0 3
535 3 0 0 0 3
550 0 3 0 0 0
565 0 3 3 0 0
580 0 0 3 0 0
595 0 3 3 0 0
610 3 0 3 0 1
625 0 0 0 0 2
631 0 0 3 0 2
634 0 0 0 0 2
649 0 0 0 0 2
664 3 0 3 0 2
674 3 0 3 0 0
677 3 0 3 0 1
692 3 0 3 0 1
707 3 0 3 0 1
722 3 0 3 0 1
734 3 0 0 0 1
737 3 0 0 0 1
752 3 0 3 0 1
767 3 0 3 0 2
782 0 0 0 0 3
797 3 0 3 0 3
812 3 0 3 0 3
827 3 0 3 0 3
842 3 0 3 0 3
847 3 0 3 0 3
850 3 0 3 0 3
865 0 0 0 0 3
880 3 0 0 0 3
895 0 0 0 0 3
910 0 0 0 0 3
925 0 0 0 0 3
940 3 0 0 0 3
955 0 0 0 0 3
970 0 0 0 0 3
985 3 0 0 0 3
