103 0 0 0 0 0
118 0 0 0 0 0
133 0 0 0 0 0
145 0 0 0 0 0
148 0 0 0 0 0
163 0 0 0 0 0
178 0 0 0 0 0
193 0 0 0 0 0
208 3 0 3 0 1
223 0 2 0 0 0
238 0 0 0 0 2
253 0 0 0 0 1
268 0 0 0 0 1
283 0 0 0 0 1
298 0 0 0 0 8
313 0 0 0 0 0
328 0 0 0 0 0
343 0 0 0 0 1
358 0 0 0 0 0
373 0 0 0 0 1
388 0 0 0 0 1
403 0 0 0 0 1
418 3 0 2 0 0
433 3 0 2 0 0
448 3 0 2 0 0
463 3 0 2 0 0
478 3 0 2 0 0
493 3 0 2 0 0
506 3 0 2 0 0
509 3 0 2 0 0
524 3 0 2 0 0
539 3 0 2 0 0
554 3 0 2 0 0
569 3 0 2 0 0
584 3 0 2 0 0
599 3 0 2 0 0
614 3 0 2 0 0
629 3 0 2 0 0
644 3 0 2 0 0
659 3 0 2 0 0
674 3 0 2 0 0
689 3 0 2 0 0
704 3 0 2 0 0
719 3 0 2 0 0
734 3 0 2 0 0
749 3 0 2 0 0
764 3 0 2 0 0
767 3 0 2 0 0
782 3 0 2 0 0
797 3 0 2 0 0
812 3 0 2 0 0
831 3 0 2 0 0
834 3 0 2 0 0
849 3 0 2 0 0
864 3 0 2 0 0
879 3 0 2 0 0
894 3 0 2 0 0
909 3 0 2 0 0
924 3 0 2 0 0
939 0 0 0 0 0
956 0 0 0 0 0
959 0 0 0 0 0
974 0 0 0 0 0
989 0 0 0 0 1
1004 0 0 0 0 1
1019 0 0 0 0 1
1026 0 0 0 0 1
1029 0 0 0 0 1
1044 0 0 0 0 1
1059 0 0 0 0 1
1074 0 0 0 0 2
1089 0 0 0 0 1
1104 0 0 0 0 1
1119 0 0 0 0 8
1134 0 0 0 0 0
1149 0 0 2 0 1
1164 0 0 2 0 1
1179 0 0 2 0 1
1194 0 0 2 0 1
1209 0 0 2 0 1
1224 0 0 0 0 1
1237 0 0 2 0 2
1240 0 0 2 0 0
1255 0 0 2 0 0
1270 0 0 2 0 0
1285 0 0 2 0 0
1300 0 0 2 0 0
1315 0 0 2 0 0
1331 0 0 2 0 0
1334 0 0 2 0 0
1349 0 0 2 0 0
1364 0 0 2 0 0
1379 0 0 2 0 0
1394 0 0 2 0 0
1409 0 0 0 3 1
1424 0 0 0 0 1
1439 0 0 0 0 8
1455 0 0 0 3 0
1458 0 0 0 0 0
1473 0 0 0 0 0
1488 0 0 0 0 0
1503 0 0 0 0 0
1518 2 0 0 0 0
1533 0 0 0 0 2
1548 0 0 0 0 2
1563 0 0 0 0 0
1578 0 0 0 0 0
1593 0 0 0 0 0
1606 0 0 0 0 0
1609 0 0 0 0 0
1624 0 0 0 0 0
1639 0 0 0 0 1
1654 0 2 0 0 0
1669 0 2 0 0 0
1684 0 2 0 0 0
1699 0 0 3 0 0
1714 0 0 0 0 1
1729 0 3 0 0 1
1744 0 3 0 0 1
1759 0 3 0 0 1
1774 0 3 0 0 1
1789 0 0 0 0 8
1804 0 0 0 0 0
1819 0 0 0 0 0
1834 0 0 0 0 0
1849 0 0 0 0 1
1864 0 0 0 0 1
1879 0 0 0 0 1
1894 0 0 0 0 1
1909 0 0 0 0 1
1924 0 0 0 0 0
1939 0 0 0 0 0
1954 0 0 0 0 0
1969 0 0 0 0 0
1984 0 0 0 0 0
1999 0 0 0 0 0
2014 0 0 2 0 0
2026 2 0 2 0 0
2029 2 0 2 0 0
2044 0 2 2 0 1
2059 0 2 2 0 1
2074 0 2 2 0 1
2089 0 2 2 0 1
2104 0 0 2 0 0
2119 0 0 2 0 1
2134 0 0 2 0 0
2149 0 0 2 0 0
2164 0 0 2 0 0
2179 0 0 2 0 0
2194 0 0 2 0 0
2209 0 0 2 0 0
2224 0 0 2 0 0
2239 0 0 2 0 0
2254 0 0 2 0 0
2269 0 0 2 0 0
2280 0 0 2 0 0
2283 0 0 2 0 0
2298 0 0 2 0 0
2313 0 0 2 0 0
2328 0 0 0 0 1
2343 0 0 0 0 1
2358 0 0 0 0 0
2373 0 0 0 0 1
2379 0 0 0 0 1
2382 0 0 0 0 1
2397 0 0 0 0 0
2412 0 0 0 0 0
2427 2 0 0 0 0
2442 0 0 0 0 0
2457 0 0 0 0 1
2472 0 0 0 0 0
2487 0 0 0 0 0
2502 0 0 2 0 0
2517 0 0 2 0 0
2532 0 0 0 0 0
2547 0 0 2 0 0
2562 0 0 0 0 1
2577 0 0 0 0 1
2592 0 0 0 0 1
2604 0 0 0 0 1
2607 0 0 0 0 1
2622 0 0 0 0 1
2637 0 0 0 0 8
2652 0 0 0 0 0
2667 0 0 0 0 0
2682 0 0 0 0 0
2697 0 0 0 0 0
2712 0 0 0 0 0
2727 0 0 0 0 0
2742 0 0 0 0 0
2757 0 0 0 0 0
2772 0 0 0 0 0
2787 0 0 0 0 0
2802 0 0 0 0 0
2817 0 0 0 0 0
2832 0 0 0 0 0
2847 0 0 0 0 0
2862 0 0 0 0 0
2877 0 0 0 0 0
2892 0 0 0 0 0
2907 0 0 0 0 0
2922 0 0 0 0 0
2937 0 0 0 0 0
2946 0 0 0 0 0
2949 0 0 0 0 0
2964 0 0 0 0 0
2979 0 0 0 0 0
2994 0 0 0 0 0
3009 0 0 0 0 0
3024 0 0 0 0 0
3039 0 0 0 0 0
3054 0 0 0 0 0
3061 0 0 0 0 0
3064 0 0 0 0 0
3079 2 0 2 0 1
3094 0 0 0 0 8
3109 0 0 0 0 0
3124 0 0 0 0 0
3134 0 0 0 0 0
