46 0 0 0 0 0
61 0 0 0 0 0
76 0 0 0 0 0
91 0 0 0 0 0
106 0 0 0 0 0
111 0 0 0 0 0
114 0 0 0 0 0
129 0 0 0 0 0
144 0 0 0 0 0
159 0 0 0 0 0
174 0 0 0 0 0
189 0 0 0 0 0
204 0 0 0 0 0
219 0 0 0 0 0
234 0 0 3 0 0
249 0 0 0 0 0
264 0 0 0 0 0
279 0 0 0 0 0
294 0 0 0 0 0
309 0 0 0 0 0
324 0 0 0 0 0
339 0 0 0 0 0
354 0 0 0 0 0
369 0 0 0 0 1
384 0 0 0 0 0
399 0 0 0 0 1
414 0 0 0 0 0
425 0 0 0 0 0
428 0 0 0 0 0
443 0 0 0 0 0
458 0 0 0 0 0
473 0 0 0 0 0
488 0 0 0 0 0
503 0 0 0 0 1
518 0 0 0 0 8
533 0 0 0 0 0
548 0 0 0 0 1
563 0 0 0 0 8
578 0 0 0 0 0
593 0 0 0 0 1
604 0 0 0 0 1
607 0 0 0 0 1
622 0 0 0 0 1
637 0 0 0 0 8
652 0 0 0 0 0
667 0 0 0 0 0
682 0 0 0 0 2
697 0 2 0 0 0
712 2 0 0 0 1
727 0 2 0 0 2
742 0 2 0 0 0
757 0 2 0 0 0
772 0 2 0 0 0
787 0 2 0 0 0
802 0 2 0 0 0
817 0 2 0 0 0
832 0 2 0 0 0
847 0 2 0 0 0
862 0 2 0 0 0
877 0 2 0 0 0
892 0 2 0 0 0
907 0 2 0 0 0
922 0 2 0 0 0
934 0 2 0 0 0
937 0 2 0 0 0
952 0 2 0 0 0
967 0 2 0 0 0
976 0 2 0 0 0
979 0 2 0 0 0
994 0 2 0 0 0
1009 0 2 0 0 0
1024 0 2 0 0 0
1039 0 2 0 0 0
1054 0 2 0 0 0
1069 0 2 0 0 0
1084 0 2 0 0 0
1099 0 2 0 0 0
1114 0 2 0 0 0
1120 0 2 0 0 0
1123 0 2 0 0 0
1138 0 2 0 0 0
1153 0 2 0 0 0
1168 0 2 0 0 0
1186 0 2 0 0 0
1189 2 0 0 0 1
1204 2 0 0 0 1
1219 2 0 0 0 1
1234 0 0 0 0 1
1249 0 0 0 0 1
1264 2 0 0 0 1
1279 0 0 0 0 8
1294 2 0 0 0 0
1309 2 0 0 0 1
1324 0 0 0 0 8
1339 2 0 3 0 0
1354 2 0 0 0 1
1369 0 0 0 0 8
1384 0 0 2 0 0
1399 0 0 2 0 1
1414 0 0 0 0 8
1429 0 0 0 0 0
1444 0 0 0 0 0
1459 0 0 0 0 0
1474 0 0 0 0 1
1489 0 0 0 0 8
1504 0 0 3 0 0
1519 0 0 0 0 1
1534 0 0 3 0 1
1549 0 0 3 0 8
1564 0 0 0 0 0
1579 0 0 0 0 1
1594 0 0 0 0 8
1597 0 0 0 0 0
1612 0 0 0 0 0
1627 0 0 0 0 0
1642 0 0 0 0 0
1657 0 0 0 0 0
1667 0 0 0 0 0
1670 0 0 0 0 0
1685 0 0 0 0 0
1700 0 0 0 0 0
1708 0 0 0 0 0
1711 0 0 0 0 0
1726 0 0 0 0 0
1741 0 0 0 0 0
1756 0 0 0 0 0
1761 0 0 0 0 0
1764 0 0 0 0 0
1779 0 0 0 0 0
1794 0 0 0 0 0
1809 0 0 0 0 0
1824 0 0 0 0 0
1839 2 0 0 0 1
1854 0 0 0 0 8
1869 2 0 0 0 0
1884 2 0 0 0 1
1899 2 0 3 0 8
1914 0 0 0 0 0
1929 0 0 0 0 1
1944 0 0 0 0 1
1959 0 0 0 0 1
1974 0 0 0 0 1
1989 0 0 0 0 1
2004 2 0 0 0 1
2019 2 0 0 0 1
2034 2 0 0 0 1
2049 2 0 0 0 1
2066 0 0 0 0 1
2069 0 0 0 0 1
2084 0 0 0 0 1
2099 2 0 0 0 8
2114 2 0 0 0 0
2129 2 0 0 0 1
2144 2 0 0 0 1
2151 2 0 0 0 1
2154 2 0 0 0 1
2169 2 0 0 0 1
2184 2 0 0 0 1
2199 2 0 0 0 1
2214 2 0 0 0 1
2232 2 0 0 0 8
2235 2 0 0 0 0
2250 0 0 0 0 1
2265 0 0 0 0 1
2280 0 0 0 0 1
2295 2 0 0 0 8
2301 0 0 0 0 0
2304 0 0 0 0 1
2319 0 0 0 0 1
2334 0 0 0 0 1
2349 0 2 2 0 1
2364 0 0 0 0 1
2379 2 0 0 0 1
2394 0 0 0 0 1
2406 2 0 0 0 1
2409 2 0 0 0 1
2424 0 0 0 0 1
2439 0 0 0 0 1
2454 0 0 0 0 1
2469 0 0 0 0 1
2485 2 0 0 0 1
2488 2 0 0 0 8
2503 2 0 0 0 0
2518 0 0 2 0 1
2533 0 2 0 0 1
2548 2 0 0 0 8
2563 2 0 0 0 0
2578 2 0 0 0 1
2593 2 0 0 0 1
2608 2 0 0 0 1
2623 2 0 0 0 1
2638 2 0 0 0 1
2653 2 0 0 0 1
2668 2 0 0 0 1
2683 0 0 2 0 1
2698 0 0 2 0 1
2713 0 0 0 0 8
2728 2 0 0 0 0
2743 2 0 0 0 1
2758 0 0 0 0 1
2773 2 0 0 0 8
2788 2 0 0 0 0
2803 2 0 0 0 1
2818 2 0 0 0 1
2833 0 0 0 0 8
2848 0 0 0 0 0
2863 2 0 0 0 1
2878 2 0 0 0 1
2893 2 0 0 0 1
2908 2 0 0 0 1
2923 2 0 0 0 1
2938 0 0 0 0 1
2953 2 0 0 0 1
2968 2 0 0 0 1
2983 2 0 0 0 1
2998 2 0 0 0 8
3013 2 0 0 0 0
3028 0 0 0 0 1
3047 0 0 2 0 8
3050 2 0 0 0 0
3065 0 0 0 0 1
3080 0 0 0 0 8
3095 0 0 0 0 0
3110 0 0 0 0 1
3125 0 0 0 0 8
3140 0 0 0 0 0
3155 0 0 0 0 0
3170 0 0 0 0 1
3185 0 0 0 0 1
3200 0 0 0 0 1
3215 0 0 0 0 1
3226 0 0 0 0 1
3229 0 0 0 0 1
3244 0 0 0 0 1
3259 0 0 0 0 8
3274 2 0 2 0 0
3289 0 2 0 0 1
3306 0 0 0 0 8
3309 0 0 0 0 0
3324 0 0 0 0 1
3339 0 0 0 0 1
3354 0 0 0 0 1
3369 0 0 0 0 8
3384 0 0 0 0 0
3399 0 0 0 0 1
3414 0 0 0 0 1
3429 0 0 0 0 8
3444 0 0 0 0 0
3459 0 0 0 0 1
3472 0 0 0 0 8
3475 0 0 0 0 0
3490 0 0 0 0 1
3505 0 0 2 0 1
3520 0 0 2 0 1
3535 2 0 0 0 1
3550 0 0 0 0 1
3565 0 0 0 0 1
3580 0 0 0 0 1
3595 0 0 0 0 1
3612 0 0 0 0 1
3615 0 0 0 0 1
3630 0 0 0 0 1
3645 0 0 2 0 8
3657 0 0 0 0 0
3660 0 0 2 0 1
3675 0 0 0 0 1
3690 2 0 0 0 8
3705 2 0 0 0 0
3720 2 0 0 0 1
3735 2 0 0 0 1
3748 2 0 0 0 1
3751 2 0 0 0 1
3766 0 0 0 0 1
3781 0 0 0 0 1
3796 0 0 0 0 8
3811 0 0 2 0 0
3826 0 0 2 0 1
3841 0 0 0 0 8
3856 0 0 0 0 8
3861 0 0 0 0 8
3864 0 0 0 0 0
3879 0 0 0 0 1
3894 0 0 0 0 1
3900 0 0 0 0 1
3903 0 0 0 0 1
3918 0 0 0 0 8
3933 0 0 0 0 0
3948 0 0 0 0 1
3963 0 0 0 0 8
3978 0 0 0 0 0
3993 0 0 0 0 1
4008 0 0 0 0 8
4024 0 0 0 0 0
4027 0 0 0 0 1
4042 0 0 0 0 8
4057 0 0 0 0 0
4072 0 0 0 0 1
4087 0 0 0 0 8
4102 0 0 0 0 0
4117 0 0 0 0 1
4132 0 0 0 0 8
4147 0 0 0 0 0
4162 0 0 0 0 1
4177 0 0 0 0 8
4192 0 0 0 0 0
4207 0 0 2 0 1
4222 0 0 2 0 1
4237 0 0 2 0 1
4252 0 0 2 0 1
4267 0 0 2 0 1
4282 0 0 2 0 1
4297 0 0 2 0 1
4312 0 0 2 0 1
4327 0 0 2 0 1
4342 0 0 2 0 1
4357 0 0 2 0 1
4372 0 0 0 0 8
4387 0 0 2 0 0
4402 0 0 2 0 1
4417 0 0 2 0 1
4432 0 0 2 0 1
4447 0 0 2 0 1
4462 0 0 0 0 8
4477 0 0 0 0 0
4492 0 0 0 0 1
4507 0 0 0 0 8
4522 0 0 0 0 0
4537 0 0 0 0 1
4552 0 0 0 0 8
4567 0 0 0 0 0
4582 0 0 0 0 1
4597 0 0 0 0 1
4612 0 0 0 0 1
4627 0 0 0 0 8
4642 0 0 0 0 0
4649 2 0 0 0 1
