94 0 0 0 0 0
109 0 0 0 0 0
124 0 0 0 0 0
139 0 0 0 0 0
154 0 0 0 0 0
164 0 0 0 0 0
167 0 0 0 0 0
182 0 0 0 0 0
197 0 0 0 0 0
212 0 0 0 0 0
227 0 0 0 0 0
242 0 0 0 0 0
257 0 0 0 0 0
272 0 0 0 0 0
287 0 0 0 0 0
302 0 0 0 0 0
317 0 0 0 0 0
332 0 0 0 0 0
347 0 0 0 0 0
366 0 0 0 0 0
369 0 0 0 0 0
384 0 0 0 0 0
399 0 0 0 0 0
414 0 0 0 0 0
429 0 0 0 0 0
444 0 0 0 0 0
459 0 0 0 0 0
474 0 0 0 0 0
489 0 0 0 0 0
504 0 0 0 0 0
519 0 0 0 0 0
534 0 0 0 0 0
550 0 0 0 0 0
553 0 0 0 0 0
568 0 0 0 0 0
583 0 0 0 0 0
598 0 0 0 0 0
613 0 0 0 0 0
628 3 0 3 0 1
643 3 0 3 0 0
658 0 0 3 0 0
673 0 0 3 0 1
688 0 0 0 0 1
703 0 0 0 0 1
718 0 0 0 0 1
733 0 0 0 0 1
748 0 0 0 0 0
761 0 0 2 0 1
764 0 0 2 0 0
779 0 0 2 0 1
794 0 0 2 0 1
809 2 0 2 0 8
824 2 0 2 0 0
842 0 0 2 0 0
845 2 0 2 0 0
860 2 0 2 0 0
875 2 0 2 0 0
890 2 0 2 0 0
905 2 0 2 0 0
920 2 0 2 0 0
935 2 0 2 0 0
950 2 0 2 0 0
965 2 0 2 0 0
983 2 0 2 0 0
986 2 0 2 0 0
1001 2 0 2 0 0
1016 2 0 2 0 0
1031 2 0 2 0 0
1046 2 0 2 0 0
1061 2 0 2 0 0
1076 2 0 2 0 0
1091 2 0 2 0 0
1106 2 0 2 0 0
1122 2 0 2 0 0
1125 2 0 2 0 0
1140 2 0 2 0 0
1155 2 0 2 0 0
1170 2 0 2 0 0
1185 2 0 2 0 0
1200 2 0 2 0 0
1215 2 0 2 0 0
1230 2 0 2 0 0
1245 2 0 2 0 0
1260 2 0 2 0 0
1275 2 0 2 0 0
1290 2 0 2 0 0
1305 2 0 2 0 0
1320 2 0 2 0 0
1335 2 0 2 0 0
1350 2 0 2 0 0
1365 2 0 2 0 0
1380 2 0 2 0 0
1395 2 0 2 0 0
1398 2 0 2 0 0
1413 2 0 2 0 0
1428 2 0 2 0 0
1443 2 0 2 0 0
1458 2 0 2 0 0
1467 2 0 2 0 0
1470 2 0 2 0 0
1485 2 0 2 0 0
1500 2 0 2 0 0
1515 2 0 2 0 0
1530 2 0 2 0 0
1545 2 0 2 0 0
1560 2 0 2 0 0
1575 2 0 2 0 0
1590 2 0 2 0 0
1605 2 0 2 0 0
1614 2 0 2 0 0
1617 0 0 0 0 1
1632 0 0 0 0 1
1647 0 0 0 0 0
1662 0 0 0 0 1
1677 0 0 0 0 1
1692 0 0 3 0 1
1707 0 0 3 0 1
1722 0 0 3 0 1
1736 0 0 0 0 1
1739 0 0 0 0 0
1754 0 0 0 0 0
1769 0 2 3 0 1
1784 0 2 0 0 0
1799 0 2 0 0 1
1814 0 2 0 0 1
1829 0 2 0 0 1
1844 0 2 0 0 1
1859 0 2 0 0 8
1874 0 2 0 0 8
1889 0 2 2 0 0
1904 2 0 0 0 1
1909 0 2 2 0 8
1912 2 0 0 0 0
1927 2 0 0 0 0
1942 2 0 0 0 0
1957 2 0 0 0 0
1972 2 0 0 0 0
1987 2 0 0 0 0
2002 2 0 0 0 0
2017 0 0 2 0 0
2032 0 0 0 0 0
2047 0 0 2 0 0
2062 2 0 2 0 1
2077 2 0 0 0 8
2092 0 0 2 0 0
2107 0 0 0 0 1
2122 0 0 2 0 2
2137 0 0 2 0 0
2152 0 0 2 0 0
2167 0 0 2 0 0
2182 0 0 2 0 0
2197 0 0 2 0 0
2212 0 0 2 0 0
2227 0 0 2 0 0
2242 0 0 2 0 0
2257 0 0 2 0 0
2272 0 0 2 0 0
2287 0 0 2 0 0
2302 0 0 2 0 0
2317 0 0 2 0 0
2332 0 0 2 0 0
2347 0 0 2 0 0
2362 0 0 2 0 0
2377 0 0 2 0 0
2392 0 0 2 0 0
2407 0 0 2 0 0
2424 0 0 2 0 0
2427 0 0 2 0 0
2442 0 0 2 0 0
2457 0 0 2 0 0
2472 0 0 2 0 0
2487 0 0 0 0 0
2501 0 0 0 0 0
2504 0 0 0 0 0
2519 0 0 0 0 1
2534 0 0 0 0 8
2549 0 0 2 0 0
2564 0 0 0 0 0
2579 0 0 0 0 0
2594 0 0 0 0 0
2609 0 0 0 0 0
2624 0 0 0 0 1
2641 0 0 0 0 1
2644 0 0 0 0 1
2659 0 0 0 0 0
2674 0 0 0 0 0
2689 0 0 0 0 0
2704 0 0 0 0 1
2719 0 0 0 0 1
2734 0 0 0 0 1
2749 0 0 0 0 1
2764 0 0 0 0 1
2779 0 0 0 0 1
2794 0 0 0 0 8
2809 0 0 0 0 0
2824 0 0 0 0 1
2839 0 0 2 0 8
2854 0 0 0 0 2
2869 0 0 0 0 1
2884 0 0 0 0 1
2899 0 0 0 0 1
2914 0 0 0 0 1
2929 0 0 0 0 2
2944 0 0 0 0 2
2959 0 0 0 0 0
2976 0 0 0 0 0
2979 0 0 0 0 0
2994 0 0 0 0 0
3009 0 0 0 0 0
3024 0 0 0 0 0
3039 0 0 0 0 0
3049 0 0 0 0 0
3052 0 0 0 0 0
3067 0 0 0 0 0
3082 0 0 2 0 0
3097 0 0 0 0 1
3112 0 0 0 0 8
3127 0 0 0 0 8
